StoneMazePathBig,5844,5852,3424,3432
StoneMazePathBig,5859,5867,3427,3435
StoneMazePath,5847,5849,3433,3435
StoneMazePath,5856,5858,3430,3432
StoneMazePath,5847,5849,3436,3438
StoneMazeEndChest,5856,5858,3427,3429
StoneMazePath,5853,5855,3427,3429
StoneMazePath,5856,5858,3433,3435
StoneMazePath,5847,5849,3439,3441
StoneMazeEndChest,5844,5846,3433,3435
StoneMazePath,5850,5852,3439,3441
StoneMazePath,5853,5855,3439,3441
StoneMazePath,5853,5855,3424,3426
StoneMazePath,5853,5855,3433,3435
StoneMazePath,5853,5855,3430,3432
StoneMazePath,5853,5855,3421,3423
StoneMazePath,5856,5858,3439,3441
StoneMazePath,5853,5855,3436,3438
StoneMazeEndChest,5853,5855,3418,3420
StoneMazePath,5856,5858,3436,3438
StoneMazePath,5859,5861,3439,3441
StoneMazePath,5862,5864,3439,3441
StoneMazeEndChest,5859,5861,3436,3438
StoneMazePath,5856,5858,3421,3423
StoneMazePath,5856,5858,3418,3420
StoneMazePath,5850,5852,3421,3423
StoneMazePath,5865,5867,3439,3441
StoneMazeEndChest,5856,5858,3424,3426
StoneMazePath,5865,5867,3436,3438
StoneMazeEndChest,5859,5861,3418,3420
StoneMazePath,5859,5861,3421,3423
StoneMazeEndChest,5847,5849,3421,3423
StoneMazePath,5859,5861,3424,3426
StoneMazePath,5862,5864,3424,3426
StoneMazePath,5865,5867,3424,3426
StoneMazeSmall,5844,5867,3418,3441
RLCraft_DecentZombie,5956,5956,3408,3408
RLCraft_UndergroundRuin3,5954,5962,3403,3411
StonePlantMound1,5856,5862,3462,3468
StonePlantMound,5910,5915,3483,3488
StonePlantMound4,5924,5931,3535,3542
StonePlantMound2,5953,5965,3508,3521
StoneLeafMound,5717,5724,3517,3526
ShrineSmallWater,5737,5745,3250,3258
StonePlantMound,5914,5919,3545,3550
StoneBoulder,5665,5674,3579,3588
