StonePlantMound2,9201,9214,1554,1566
VillageInn,9194,9214,1643,1670
MeteorSite,9161,9176,1587,1617
StonePlantMound2,9161,9173,1538,1551
StonePlantBoulder,9151,9161,1561,1571
StonePlantMound,9143,9148,1742,1747
StonePlantMound4,9110,9117,1689,1696
StonePlantBoulder,9092,9102,1642,1652
StoneBoulder,9065,9074,1733,1742
StoneMazePath,9112,9114,1795,1797
StoneMazeFountain,9097,9105,1795,1803
StoneMazePath,9094,9096,1798,1800
StoneMazeStudy,9115,9129,1792,1800
StoneMazePath,9094,9096,1801,1803
StoneMazeLitRoom,9091,9096,1804,1809
StoneMazePath,9097,9099,1807,1809
StoneMazePath,9121,9123,1798,1800
StoneMazePath,9088,9090,1807,1809
StoneMazePath,9097,9099,1810,1812
StoneMazePath,9091,9093,1798,1800
StoneMazePath,9088,9090,1804,1806
StoneMazePath,9094,9096,1810,1812
StoneMazePath,9091,9093,1801,1803
StoneMazePath,9085,9087,1804,1806
StoneMazePath,9097,9099,1804,1806
StoneMazePath,9091,9093,1795,1797
StoneMazePath,9112,9114,1792,1794
StoneMazePath,9088,9090,1801,1803
StoneMazePath,9109,9111,1792,1794
StoneMazePath,9112,9114,1789,1791
StoneMazeEndChest,9085,9087,1801,1803
StoneMazePath,9094,9096,1813,1815
StoneMazePath,9091,9093,1810,1812
StoneMazePath,9085,9087,1807,1809
StoneMazePathBig,9100,9108,1807,1815
StoneMazePath,9085,9087,1810,1812
StoneMazePath,9097,9099,1813,1815
StoneMazePathBig,9097,9105,1786,1794
StoneMazePath,9094,9096,1789,1791
StoneMazePath,9091,9093,1789,1791
StoneMazePathBig,9109,9117,1807,1815
StoneMazePath,9085,9087,1813,1815
StoneMazePath,9097,9099,1816,1818
StoneMazePath,9109,9111,1789,1791
StoneMazePath,9094,9096,1816,1818
StoneMazePath,9088,9090,1798,1800
StoneMazePath,9085,9087,1816,1818
StoneMazePath,9100,9102,1816,1818
StoneMazeLitRoom,9112,9117,1783,1788
StoneMazePath,9106,9108,1789,1791
StoneMazePath,9088,9090,1810,1812
StoneMazePath,9094,9096,1786,1788
StoneMazePath,9091,9093,1816,1818
StoneMazeEndChest,9100,9102,1804,1806
StoneMazePath,9118,9120,1786,1788
StoneMazePath,9115,9117,1780,1782
StoneMazePath,9106,9108,1792,1794
StoneMazePath,9091,9093,1819,1821
StoneMazePath,9091,9093,1813,1815
StoneMazeEndChest,9121,9123,1786,1788
StoneMazePath,9109,9111,1786,1788
StoneMazePath,9094,9096,1819,1821
StoneMazePath,9088,9090,1795,1797
StoneMazePath,9091,9093,1792,1794
StoneMazePath,9115,9117,1777,1779
StoneMazePath,9112,9114,1780,1782
StoneMazePath,9115,9117,1789,1791
StoneMazePath,9097,9099,1819,1821
StoneMazePath,9100,9102,1783,1785
StoneMazeLitRoom,9106,9111,1777,1782
StoneMazePath,9112,9114,1777,1779
StoneMazeEndChest,9118,9120,1789,1791
StoneMazePath,9106,9108,1774,1776
StoneMazePath,9103,9105,1780,1782
StoneMazePath,9103,9105,1783,1785
StoneMazePath,9109,9111,1783,1785
StoneMazePath,9094,9096,1795,1797
StoneMazePath,9103,9105,1804,1806
StoneMazePath,9094,9096,1792,1794
StoneMazePath,9088,9090,1792,1794
StoneMazePath,9118,9120,1780,1782
StoneMazePath,9106,9108,1783,1785
StoneMazePath,9088,9090,1813,1815
StoneMazePath,9109,9111,1774,1776
StoneMazeEndChest,9115,9117,1774,1776
StoneMazePath,9100,9102,1819,1821
StoneMazePath,9118,9120,1783,1785
StoneMazePath,9085,9087,1819,1821
StoneMazeEndChest,9097,9099,1783,1785
StoneMazePath,9100,9102,1780,1782
StoneMazePath,9091,9093,1786,1788
StoneMazePath,9121,9123,1783,1785
StoneMazePath,9085,9087,1792,1794
StoneMazeEndChest,9118,9120,1777,1779
StoneMazePath,9088,9090,1789,1791
StoneMazePath,9088,9090,1819,1821
StoneMazePath,9085,9087,1789,1791
StoneMazeShootingRange,9121,9129,1777,1782
StoneMazePath,9121,9123,1774,1776
StoneMazePath,9106,9108,1786,1788
StoneMazePath,9103,9105,1819,1821
StoneMazePath,9103,9105,1777,1779
StoneMazeEndChest,9088,9090,1816,1818
StoneMazePathBig,9088,9096,1777,1785
StoneMazePath,9106,9108,1819,1821
StoneMazePath,9106,9108,1816,1818
StoneMazePath,9091,9093,1774,1776
StoneMazePath,9097,9099,1780,1782
StoneMazePath,9118,9120,1774,1776
StoneMazePath,9106,9108,1804,1806
StoneMazePath,9088,9090,1774,1776
StoneMazeEndChest,9103,9105,1816,1818
StoneMazePath,9085,9087,1780,1782
StoneMazePath,9085,9087,1783,1785
StoneMazePath,9106,9108,1801,1803
StoneMazePath,9100,9102,1777,1779
StoneMazeEndChest,9085,9087,1777,1779
StoneMazePath,9097,9099,1777,1779
StoneMazeEndChest,9085,9087,1774,1776
StoneMazePath,9097,9099,1774,1776
StoneMazePath,9109,9111,1801,1803
StoneMazePath,9100,9102,1774,1776
StoneMazePath,9112,9114,1801,1803
StoneMazePath,9109,9111,1816,1818
StoneMazePath,9094,9096,1774,1776
StoneMazePath,9112,9114,1804,1806
StoneMazePath,9109,9111,1804,1806
StoneMazeEndChest,9085,9087,1786,1788
StoneMazePath,9112,9114,1816,1818
StoneMazePath,9103,9105,1774,1776
StoneMazeEndChest,9109,9111,1819,1821
StoneMazePath,9112,9114,1798,1800
StoneMazePath,9112,9114,1819,1821
StoneMazePath,9115,9117,1801,1803
StoneMazePath,9118,9120,1801,1803
StoneMazeEndChest,9121,9123,1801,1803
StoneMazePath,9115,9117,1819,1821
StoneMazePath,9118,9120,1819,1821
StoneMazePath,9121,9123,1819,1821
StoneMazeSpiderRoom,9124,9129,1816,1821
StoneMazePagoda,9085,9132,1774,1821
DinosaurSkeleton,9054,9100,1690,1699
StonePlantMound1,9058,9064,1602,1608
ClayWaterMound1,9167,9178,1827,1837
StonePlantMound3,9026,9035,1534,1545
StonePlantMound3,8901,8910,1893,1904
SmallOutpost,9001,9023,1935,1965
SmallWoodenCottage,8928,8939,1960,1968
RLCraft_Vineyard,8934,8954,1816,1844
VillageForgeLarge,8913,8929,1837,1849
VillageTriplets,8985,8999,1755,1769
StonePlantMound3,8948,8959,1626,1635
UndergroundTreeoid,8742,8768,1548,1571
ShrineSmallFire,8729,8739,1608,1618
ThreeTowers,8985,9016,1803,1835
