StoneBoulder,9505,9514,1271,1280
StonePlantMound1,9405,9411,1376,1382
RLCraft_DecentCaveSpider,9561,9561,1270,1270
RLCraft_UndergroundRuin2,9559,9566,1265,1275
StoneBoulder,9595,9604,1386,1395
StonePlantMound2,9608,9620,1348,1361
P_WitchDungeon,9471,9505,1209,1226
StonePlantMound1,9410,9416,1245,1251
RLCraft_DecentCaveSpider,9612,9612,1281,1281
RLCraft_UndergroundRuin2,9607,9617,1276,1283
StonePlantMound1,9612,9618,1264,1270
StonePlantMound2,9557,9569,1213,1226
DinosaurSkull,9362,9381,1425,1436
StonePlantMound3,9547,9558,1485,1494
StoneBoulder,9603,9612,1486,1495
StonePlantMound4,9342,9349,1310,1317
RLCraft_DecentCaveSpider,9551,9551,1202,1202
RLCraft_UndergroundRuin3,9545,9553,1199,1207
StonePlantMound2,9357,9369,1233,1246
RLCraft_DecentSpider,9408,9408,1193,1193
RLCraft_UndergroundRuin3,9402,9410,1190,1198
RLCraft_SmallUndergroundSkeleton,9332,9340,1238,1246
StonePlantMound3,9311,9322,1279,1288
StonePlantMound2,9306,9319,1243,1255
StonePlantBoulder,9295,9305,1314,1324
ShrineSmallFire,9416,9426,1514,1524
StonePlantMound4,9248,9255,1337,1344
StonePlantMound,9229,9234,1169,1174
MesoMazeSpiderTurn,9290,9295,1137,1142
MesoMazePath,9290,9292,1134,1136
MesoMazePath,9293,9295,1134,1136
MesoMazeStairTurn,9284,9289,1131,1136
MesoMazeZombieTable,9296,9301,1140,1145
MesoMazeStairTurn,9278,9283,1131,1136
MesoMazeStairTurn,9278,9283,1137,1142
MesoMazeCorridorCollapse,9290,9295,1143,1145
MesoMazeStairTurn,9284,9289,1137,1142
MesoMazeStorage,9284,9289,1143,1148
MesoMazeStairCorridor,9290,9295,1146,1148
MesoMazePath,9275,9277,1137,1139
MesoMazeStairTurn,9293,9298,1128,1133
MesoMazeStairCorridor,9296,9301,1146,1148
MesoMazeStairCorridor,9284,9286,1149,1154
MesoMazeStairCorridor,9275,9277,1140,1145
MesoMazeStairTurn,9302,9307,1134,1139
MesoMazeGrowth,9302,9307,1143,1148
MesoMazeStairTurn,9281,9286,1125,1130
MesoMazeSpiderTurn,9284,9289,1155,1160
MesoMazeCorridorCollapse,9287,9289,1149,1154
MesoMazeStorage,9290,9295,1155,1160
MesoMazePath,9290,9292,1152,1154
MesoMazeStairCorridor,9302,9304,1128,1133
MesoMazeStairTurn,9281,9286,1119,1124
MesoMazeStairCorridor,9308,9313,1137,1139
MesoMazeStairCorridor,9314,9319,1137,1139
MesoMazeSpiderTurn,9293,9298,1149,1154
MesoMazeStairCorridor,9308,9313,1143,1145
MesoMazePath,9314,9316,1143,1145
MesoMazeStairCorridor,9302,9304,1122,1127
MesoMazeZombieTable,9317,9322,1140,1145
MesoMazePath,9290,9292,1131,1133
MesoMazeStairTurn,9293,9298,1122,1127
MesoMazeSpiderTurn,9296,9301,1155,1160
MesoMazePath,9284,9286,1143,1145
MesoMazePath,9299,9301,1152,1154
MesoMazePath,9299,9301,1125,1127
MesoMazePath,9287,9289,1155,1157
MesoMazePath,9299,9301,1128,1130
MesoMazeCorridorCollapse,9290,9292,1125,1130
MesoMazePath,9284,9286,1146,1148
MesoMazeSpiderTurn,9302,9307,1155,1160
MesoMazeStairCorridor,9314,9316,1146,1151
MesoMazeStairTurn,9314,9319,1152,1157
MesoMazePath,9299,9301,1149,1151
MesoMazeCorridorCollapse,9299,9301,1119,1124
MesoMazeStairCorridor,9302,9304,1116,1121
MesoMazePath,9278,9280,1128,1130
MesoMazePath,9287,9289,1143,1145
MesoMazePath,9275,9277,1128,1130
MesoMazeGrowth,9281,9286,1155,1160
MesoMazePath,9290,9292,1131,1133
MesoMazeStairTurn,9305,9310,1149,1154
MesoMazePath,9281,9283,1143,1145
MesoMazePath,9290,9292,1134,1136
MesoMazePath,9320,9322,1137,1139
MesoMazePath,9290,9292,1137,1139
MesoMazeStairTurn,9275,9280,1119,1124
MesoMazePath,9278,9280,1116,1118
MesoMazePath,9275,9277,1125,1127
MesoMazePath,9287,9289,1122,1124
MesoMazePath,9302,9304,1149,1151
MesoMazeStairCorridor,9275,9277,1146,1151
MesoMazePath,9299,9301,1125,1127
MesoMazePath,9278,9280,1125,1127
MesoMazePath,9290,9292,1122,1124
MesoMazePath,9275,9277,1116,1118
MesoMazePath,9293,9295,1137,1139
MesoMazeSpiderTurn,9296,9301,1113,1118
MesoMazePath,9299,9301,1128,1130
MesoMazePath,9290,9292,1122,1124
MesoMazeStorage,9290,9295,1113,1118
MesoMazePath,9320,9322,1155,1157
MesoMazeGrowth,9317,9322,1140,1145
MesoMazeGrowth,9275,9280,1152,1157
MesoMazeSpiderTurn,9296,9301,1140,1145
MesoMazeGrowth,9281,9286,1113,1118
MesoMazePath,9290,9292,1119,1121
MesoMazePath,9299,9301,1137,1139
MesoMazePath,9299,9301,1116,1118
MesoMazePath,9302,9304,1113,1115
MesoMazePath,9278,9280,1113,1115
MesoMazePath,9320,9322,1158,1160
MesoMazePath,9293,9295,1119,1121
MesoMazeGrowth,9290,9295,1116,1121
MesoMazePath,9278,9280,1158,1160
MesoMazePath,9299,9301,1113,1115
MesoMazePath,9296,9298,1137,1139
MesoMazeCorridorCollapse,9305,9310,1113,1115
MesoMazePath,9287,9289,1146,1148
MesoMazeStairCorridor,9314,9319,1158,1160
MesoMazePath,9293,9295,1113,1115
MesoMazePath,9287,9289,1113,1115
MesoMazePath,9317,9319,1146,1148
MesoMazePath,9311,9313,1152,1154
MesoMazePath,9296,9298,1119,1121
MesoMazePath,9317,9319,1149,1151
MesoMazePath,9278,9280,1143,1145
MesoMazePath,9311,9313,1149,1151
MesoMazeStairCorridor,9278,9280,1146,1151
MesoMazeGrowth,9311,9316,1113,1118
MesoMazePath,9296,9298,1134,1136
MesoMazePath,9290,9292,1113,1115
MesoMazePath,9299,9301,1134,1136
MesoMazePath,9302,9304,1113,1115
MesoMazePath,9275,9277,1113,1115
MesoMazePath,9308,9310,1146,1148
MesoMazePath,9296,9298,1113,1115
MesoMazePath,9293,9295,1140,1142
MesoMazePath,9317,9319,1116,1118
MesoMazePath,9311,9313,1146,1148
MesoMazePath,9302,9304,1152,1154
MesoMazePath,9290,9292,1140,1142
MesoMazePath,9320,9322,1146,1148
MesoMazeStairCorridor,9311,9316,1140,1142
MesoMazePath,9311,9313,1113,1115
MesoMazeStorage,9299,9304,1152,1157
MesoMazePath,9278,9280,1158,1160
MesoMazePath,9302,9304,1146,1148
MesoMazePath,9308,9310,1146,1148
MesoMazePath,9305,9307,1155,1157
MesoMazePath,9311,9313,1155,1157
MesoMazeStairCorridor,9305,9310,1140,1142
MesoMazePath,9275,9277,1158,1160
MesoMazePath,9317,9319,1113,1115
MesoMazePath,9308,9310,1155,1157
MesoMazePath,9302,9304,1140,1142
MesoMazePath,9320,9322,1113,1115
MesoMazePath,9311,9313,1146,1148
MesoMazePath,9299,9301,1131,1133
MesoMazePath,9305,9307,1146,1148
MesoMazePath,9311,9313,1155,1157
MesoMazePath,9302,9304,1149,1151
MesoMazeStairCorridor,9320,9322,1149,1154
MesoMazePath,9308,9310,1158,1160
MesoMazePath,9278,9280,1152,1154
MesoMazePath,9302,9304,1143,1145
MesoMazePath,9311,9313,1158,1160
MesoMazePath,9275,9277,1152,1154
MesoMazePath,9281,9283,1152,1154
MesoMazePath,9278,9280,1155,1157
MesoMazePath,9308,9310,1155,1157
MesoMazePath,9308,9310,1158,1160
MesoMazePath,9275,9277,1155,1157
MesoMazePath,9311,9313,1158,1160
MesoMazePath,9320,9322,1155,1157
MesoMazePath,9320,9322,1158,1160
MesoMazePath,9305,9307,1158,1160
MesoMazePath,9281,9283,1158,1160
MesoMazePath,9299,9301,1149,1151
MesoMazePath,9287,9289,1122,1124
MesoMazePath,9311,9313,1152,1154
MesoMazeStairCorridor,9320,9322,1116,1121
MesoMazePath,9287,9289,1119,1121
MesoMazePath,9287,9289,1116,1118
MesoMazePath,9293,9295,1134,1136
MesoMazePath,9302,9304,1158,1160
MesoMazeStairCorridor,9320,9322,1122,1127
MesoMazeSpiderTurn,9317,9322,1128,1133
MesoMazePath,9314,9316,1128,1130
MesoMazePath,9314,9316,1131,1133
MesoMazePath,9287,9289,1113,1115
MesoMazeCorridorCollapse,9314,9316,1122,1127
MesoMazePath,9314,9316,1128,1130
MesoMazePath,9314,9316,1119,1121
MesoMazeStorage,9314,9319,1131,1136
MesoMazeStorage,9311,9316,1116,1121
MesoMazePath,9317,9319,1128,1130
MesoMazeStairTurn,9308,9313,1125,1130
MesoMazePath,9299,9301,1158,1160
MesoMazePath,9305,9307,1125,1127
MesoMazePath,9317,9319,1125,1127
MesoMazePath,9311,9313,1122,1124
MesoMazePath,9311,9313,1131,1133
MesoMazePath,9317,9319,1119,1121
MesoMazePath,9320,9322,1131,1133
MesoMazePath,9305,9307,1143,1145
MesoMazePath,9308,9310,1122,1124
MesoMazePath,9305,9307,1122,1124
MesoMazePath,9317,9319,1125,1127
MesoMazePath,9308,9310,1131,1133
MesoMazePath,9320,9322,1128,1130
MesoMazePath,9317,9319,1116,1118
MesoMazePath,9296,9298,1158,1160
MesoMazePath,9317,9319,1122,1124
MesoMazePath,9293,9295,1158,1160
MesoMazePath,9320,9322,1134,1136
MesoMazePath,9317,9319,1113,1115
MesoMazePath,9308,9310,1134,1136
MesoMazePath,9314,9316,1113,1115
MesoMazePath,9290,9292,1158,1160
MesoMazePath,9311,9313,1134,1136
MesoMazePath,9290,9292,1155,1157
MesoMazePath,9293,9295,1155,1157
MesoMazePagoda,9275,9322,1113,1160
StonePlantMound2,9345,9357,1160,1173
StonePlantMound4,9641,9648,1532,1539
StonePlantMound1,9720,9726,1442,1448
StonePlantMound2,9700,9713,1437,1449
StonePlantBoulder,9470,9480,1139,1149
StonePlantMound1,9443,9449,1156,1162
DinosaurSkull,9395,9414,1131,1142
StonePlantMound3,9480,9489,1137,1148
ForestBeacon,9508,9516,1110,1118
